5.30000
   1   0   0
  Station:  ALBIA IA                                       CLIGEN VER. 5.30000 -r:    0 -I: 0
 Latitude Longitude Elevation (m) Obs. Years   Beginning year  Years simulated Command Line:
    41.03   -92.80         286          45           1               1          -istations/ia/Ia130112.par -oOUT.TXT -y1 -t5 -F -b1 -H 
 Observed monthly ave max temperature (C)
   0.0   3.1   9.1  17.3  23.4  28.2  30.7  29.4  25.3  19.2   9.8   2.2
 Observed monthly ave min temperature (C)
  -8.8  -6.8  -2.0   4.9  10.8  15.9  18.5  17.2  12.5   6.5  -0.6  -6.5
 Observed monthly ave solar radiation (Langleys/day)
 175.0 254.0 330.0 411.0 492.0 549.0 524.0 475.0 387.0 286.0 196.0 147.0
 Observed monthly ave precipitation (mm)
  26.4  28.0  59.4  85.9 107.5 111.9 117.7  93.7 104.8  61.4  58.8  33.5
 da mo year  prcp  dur   tp     ip  tmax  tmin  rad  w-vl w-dir  tdew
             (mm)  (h)               (C)   (C) (l/d) (m/s)(Deg)   (C)
  1  1    1   0.0  0.00 0.00   0.00  -9.5 -13.4 132.  7.4  305. -15.0
  2  1    1   1.5  6.13 0.07   1.01  -7.7 -13.0 205.  3.9  130. -11.1
  3  1    1   0.0  0.00 0.00   0.00   0.4 -14.1 164.  7.4  317. -20.0
  4  1    1   0.0  0.00 0.00   0.00   5.8  -2.7 125.  5.9  289.  -1.1
  5  1    1   0.0  0.00 0.00   0.00  18.2   4.9 116.  7.1  297.  10.3
  6  1    1   0.0  0.00 0.00   0.00   5.1  -0.3 145.  3.2   65.  -0.7
  7  1    1   0.0  0.00 0.00   0.00   8.3  -4.2 209.  3.1  176.  -3.7
  8  1    1   2.6  6.70 0.79   7.97   5.9  -3.0 199.  6.8    4.  -8.4
  9  1    1   0.0  0.00 0.00   0.00  -0.6 -11.1 186.  4.7  326.  -9.8
 10  1    1   0.0  0.00 0.00   0.00  -2.7 -13.2 224.  4.3  347. -18.2
 11  1    1   0.0  0.00 0.00   0.00  -5.5 -12.1 230.  8.8  340. -10.5
 12  1    1   0.0  0.00 0.00   0.00   0.8  -4.2 168.  6.8  322.  -3.1
 13  1    1   0.0  0.00 0.00   0.00  -7.4 -10.5 118.  3.5  254. -10.7
 14  1    1   0.0  0.00 0.00   0.00  -5.2  -9.4 137.  7.0  336. -11.3
 15  1    1   0.0  0.00 0.00   0.00  -6.6 -12.1 142.  2.7   96. -15.9
 16  1    1   0.0  0.00 0.00   0.00   2.8  -5.5 170. 10.5  304.  -2.7
 17  1    1   0.0  0.00 0.00   0.00  -5.3 -14.6 151.  7.0  320. -10.0
 18  1    1   0.0  0.00 0.00   0.00  -3.5 -15.2 130.  0.7  184. -16.0
 19  1    1   0.0  0.00 0.00   0.00 -10.6 -11.1 154.  5.6  311. -12.0
 20  1    1   0.0  0.00 0.00   0.00  -0.7 -13.6 118.  2.4   93. -14.1
 21  1    1   0.0  0.00 0.00   0.00   2.4  -4.8 120.  0.0    0.  -1.3
 22  1    1   0.0  0.00 0.00   0.00  11.9   0.9 128.  4.4  186.   0.9
 23  1    1   0.0  0.00 0.00   0.00  -0.8  -7.2 206.  4.8  204. -12.2
 24  1    1   0.0  0.00 0.00   0.00   0.5 -11.3 196.  5.0   77. -14.3
 25  1    1   0.0  0.00 0.00   0.00   8.8  -4.0 250.  1.7  314.  -6.5
 26  1    1   0.0  0.00 0.00   0.00  -3.2  -9.7 184.  8.5  210.  -6.5
 27  1    1   0.0  0.00 0.00   0.00  11.3  -1.9 166.  5.2  269.  -2.0
 28  1    1  13.2  3.53 0.08   3.84  15.8  -2.5 214.  6.4  220.  -4.7
 29  1    1   0.0  0.00 0.00   0.00  -2.1 -11.6 179.  4.4  169.  -9.3
 30  1    1   0.0  0.00 0.00   0.00   5.3 -10.9 172.  5.3  231. -11.4
 31  1    1   0.0  0.00 0.00   0.00 -13.0 -14.4 226.  6.9   26. -14.8
  1  2    1   1.5  6.15 0.02   5.15  13.4   0.3 241.  5.3  260.   2.4
  2  2    1   0.0  0.00 0.00   0.00  -4.7 -14.2 162.  8.4   63. -12.6
  3  2    1   0.0  0.00 0.00   0.00   9.3  -1.1 194.  4.1  112.   3.1
  4  2    1   0.0  0.00 0.00   0.00  15.5   6.1 177.  5.1   27.   5.9
  5  2    1   0.0  0.00 0.00   0.00   3.3  -1.8 229.  7.9   87.  -3.6
  6  2    1   0.0  0.00 0.00   0.00   3.4  -9.4 308.  5.6  175. -10.1
  7  2    1   0.0  0.00 0.00   0.00   2.0 -12.0 301.  5.1  268. -10.7
  8  2    1   0.0  0.00 0.00   0.00  13.6  -1.3 234.  1.8   37.  -0.4
  9  2    1   0.0  0.00 0.00   0.00   0.9  -9.3 299. 10.4  310.  -6.4
 10  2    1   0.0  0.00 0.00   0.00  -9.2 -14.3 312.  0.5  313. -15.4
 11  2    1   0.0  0.00 0.00   0.00   8.8  -3.7 281.  9.0  281.  -2.7
 12  2    1   0.0  0.00 0.00   0.00  -1.3  -4.4 319.  1.4  284.  -5.4
 13  2    1   0.0  0.00 0.00   0.00   0.7  -7.9 306.  3.5  359. -10.1
 14  2    1   0.0  0.00 0.00   0.00  -4.6 -11.8 285.  4.1  334. -14.5
 15  2    1   0.0  0.00 0.00   0.00  -7.1 -14.2 148.  6.5  139. -14.8
 16  2    1   7.9  2.49 0.34   1.17   6.0   0.1 187.  4.6  253.   2.8
 17  2    1   0.0  0.00 0.00   0.00  -7.0 -15.0 259.  6.0  299. -11.6
 18  2    1   0.0  0.00 0.00   0.00   4.0  -2.9 210.  5.4  337.  -3.8
 19  2    1   0.0  0.00 0.00   0.00   9.3  -3.0 298.  5.5  322.  -5.1
 20  2    1   1.9  3.45 0.07   1.01   4.7  -8.1 290.  8.3  298. -10.3
 21  2    1  14.7  3.42 0.08   1.01  -1.4  -9.7 153.  3.2  275.  -7.7
 22  2    1   0.0  0.00 0.00   0.00  -3.2  -9.7 197.  3.9  116. -14.1
 23  2    1   3.4  1.61 0.02   1.01   5.4  -8.9 185.  4.9  253. -10.1
 24  2    1   0.7  4.73 0.03   1.01   3.0  -6.6 320.  5.2  117.  -2.7
 25  2    1   4.7  2.44 0.00   1.01   0.9  -9.1 252.  6.1   22.  -9.0
 26  2    1   0.0  0.00 0.00   0.00  -4.0 -16.4 190.  5.1  352. -19.1
 27  2    1   0.0  0.00 0.00   0.00 -10.5 -13.6 277.  5.7  136. -12.1
 28  2    1   0.7  2.58 0.07   3.09   9.7  -4.3 213.  4.9  322.  -4.7
  1  3    1  12.3  1.69 0.08   1.01   0.8 -12.3 343.  3.5  122. -12.4
  2  3    1  10.1  3.18 0.03   3.51  23.8   0.1 255.  3.0   45.  -1.0
  3  3    1   1.8  2.28 0.01   2.44   8.1  -2.4 398.  8.0  308.  -5.6
  4  3    1   0.0  0.00 0.00   0.00   2.5  -7.2 337.  1.4  263.  -9.1
  5  3    1   0.0  0.00 0.00   0.00  11.3  -4.4 303.  5.1  295.  -8.0
  6  3    1   3.6  0.39 0.02   1.01  11.4   2.6 326.  4.5  162.  -1.6
  7  3    1   0.0  0.00 0.00   0.00   1.7 -14.8 401. 10.9  290. -12.4
  8  3    1   0.3  2.99 0.04   4.53  14.8   4.2 250.  6.0  185.   6.0
  9  3    1   8.3  1.18 0.16   1.10  11.6  -3.2 256.  4.4  119.  -3.4
 10  3    1  23.9  2.54 0.04   1.01   5.5   4.0 381.  6.6  113.  -2.4
 11  3    1   0.0  0.00 0.00   0.00   7.3  -2.6 341.  8.4  330.  -0.8
 12  3    1   0.3  6.74 0.06  11.53  17.8   7.2 469.  6.5  289.   5.1
 13  3    1   0.0  0.00 0.00   0.00  11.9  -0.6 444.  6.6  102.  -0.6
 14  3    1   1.6  2.74 0.91   5.16  12.2  -3.5 310. 12.1  325.  -3.4
 15  3    1   0.0  0.00 0.00   0.00   1.3 -11.1 435.  6.1  329. -10.7
 16  3    1   0.0  0.00 0.00   0.00  10.6   1.4 298.  7.9  164.   0.7
 17  3    1   0.0  0.00 0.00   0.00  14.5   3.9 248.  5.9  190.   0.8
 18  3    1   0.0  0.00 0.00   0.00   9.1  -9.2 252.  5.6   44.  -8.8
 19  3    1   3.8  4.37 0.13   1.01   4.6  -6.1 297.  7.2  355.  -7.2
 20  3    1   0.0  0.00 0.00   0.00  11.4  -0.0 379.  5.6  328.   3.8
 21  3    1   0.0  0.00 0.00   0.00  13.7  -0.6 367.  5.7  101.   6.2
 22  3    1   0.0  0.00 0.00   0.00   6.0  -5.5 309.  6.6  172.  -8.2
 23  3    1   0.0  0.00 0.00   0.00  10.1   0.7 261. 10.7  160.  -1.0
 24  3    1   0.0  0.00 0.00   0.00  12.3   8.2 275.  1.9  125.   9.0
 25  3    1   0.0  0.00 0.00   0.00   6.2   0.1 300.  3.7   30.  -6.4
 26  3    1   0.0  0.00 0.00   0.00   5.0  -1.1 289.  3.8  194.  -4.5
 27  3    1   0.0  0.00 0.00   0.00  16.1   3.0 424.  3.4  119.   3.8
 28  3    1   0.0  0.00 0.00   0.00  13.0  -1.2 334.  3.6   11.  -3.9
 29  3    1   0.0  0.00 0.00   0.00  19.0   6.5 231.  5.5  162.   3.0
 30  3    1   0.0  0.00 0.00   0.00   5.0  -4.5 409.  7.1   36.  -9.6
 31  3    1   0.0  0.00 0.00   0.00   1.9  -9.9 187.  6.0  275. -11.3
  1  4    1   0.0  0.00 0.00   0.00  21.5  11.4 356.  6.2   79.   5.9
  2  4    1   0.0  0.00 0.00   0.00  25.5   9.5 489.  6.9  315.   6.4
  3  4    1   0.0  0.00 0.00   0.00  12.2   1.5 523.  4.0   89.   1.2
  4  4    1   1.3  3.90 0.05   3.81  22.5   9.8 241.  6.5  293.  11.8
  5  4    1   2.2  1.07 0.05   1.54   6.1  -3.7 519.  9.6  185.  -4.5
  6  4    1   0.0  0.00 0.00   0.00  24.4   7.9 602.  1.6   87.   5.1
  7  4    1  24.9  1.90 0.08   2.74  22.8   1.8 374.  3.1  300.  -0.8
  8  4    1   0.0  0.00 0.00   0.00  14.0   2.1 461.  5.1  253.  -1.3
  9  4    1   0.0  0.00 0.00   0.00   6.9  -2.5 540.  5.5  350.  -1.3
 10  4    1   0.0  0.00 0.00   0.00  16.8  -0.7 375.  5.4  353.   4.2
 11  4    1   0.0  0.00 0.00   0.00  22.5  10.6 509.  6.4    2.   8.0
 12  4    1   7.3  0.88 0.01   1.01   4.4  -6.2 281.  3.4   36.  -3.8
 13  4    1  15.0  1.95 0.05   4.79  27.5  10.5 492.  2.9  128.   6.4
 14  4    1   2.9  3.96 0.05   3.94   9.2   3.9 426.  5.9    7.   2.7
 15  4    1   0.3  0.76 0.84   1.55  19.8   6.4 392.  5.7  103.   3.2
 16  4    1   0.0  0.00 0.00   0.00  16.5   2.0 330.  5.6   55.   1.5
 17  4    1   5.7  2.94 0.08  14.97  17.0   5.6 294.  7.1  201.   4.2
 18  4    1  11.2  1.67 0.98   3.06  28.9  11.3 432. 10.3  357.   8.4
 19  4    1   0.0  0.00 0.00   0.00  24.9   7.2 557.  5.0   34.   2.5
 20  4    1   0.0  0.00 0.00   0.00  19.9   6.1 215.  6.9  159.   5.7
 21  4    1   0.0  0.00 0.00   0.00  16.6   3.2 318.  5.7  222.   5.5
 22  4    1   0.0  0.00 0.00   0.00  18.7   7.1 373.  4.8  322.   8.3
 23  4    1   0.0  0.00 0.00   0.00  23.1  14.8 280. 12.0  286.  14.2
 24  4    1   0.3  4.54 0.42  12.61  12.9   5.5 442.  2.4  188.   0.4
 25  4    1   0.8  4.47 0.02   6.32   7.1  -4.2 346.  9.7  180.  -2.3
 26  4    1   0.0  0.00 0.00   0.00  21.2  11.7 282.  5.9  114.   9.8
 27  4    1   0.0  0.00 0.00   0.00  21.5   5.7 491.  4.1  138.   4.2
 28  4    1   0.0  0.00 0.00   0.00  13.3   2.4 454.  9.8  192.  -0.6
 29  4    1   0.0  0.00 0.00   0.00  23.9   7.7 370.  5.5  334.   8.3
 30  4    1   7.4  0.94 0.06   1.85   6.6   2.6 313.  8.9  313.   2.3
  1  5    1   3.8  6.77 0.97  24.85  14.9   4.2 625.  5.2  214.   0.3
  2  5    1   0.3  1.06 0.01   2.26  25.7  14.7 156.  5.9  113.  12.2
  3  5    1  24.0  0.70 0.20   1.73  15.6   4.0 335.  5.0   31.   3.0
  4  5    1   4.8  3.17 0.07   3.38  26.9  15.8 575.  4.3  320.  13.6
  5  5    1   0.0  0.00 0.00   0.00  21.4   9.0 491.  6.7  165.   6.1
  6  5    1   2.7  3.43 0.08   2.52  18.4   7.0 606.  1.6  308.   6.5
  7  5    1   0.0  0.00 0.00   0.00  20.0   6.7 391.  3.2  316.   7.2
  8  5    1   0.0  0.00 0.00   0.00  25.6  13.1 444.  6.2  220.   9.9
  9  5    1   0.0  0.00 0.00   0.00  22.9   9.5 593.  1.8  360.   7.1
 10  5    1   0.0  0.00 0.00   0.00  26.8  11.0 449.  5.7  128.  10.6
 11  5    1   0.0  0.00 0.00   0.00  20.2   7.7 542.  6.1  304.   6.8
 12  5    1   0.0  0.00 0.00   0.00  21.6  10.4 571.  4.6  333.   9.1
 13  5    1   0.0  0.00 0.00   0.00  18.9   8.3 473.  5.0   34.   6.1
 14  5    1   0.0  0.00 0.00   0.00  24.7  14.2 516.  4.2   96.  13.1
 15  5    1   0.0  0.00 0.00   0.00  31.9  20.2 486.  3.8  205.  18.9
 16  5    1   0.0  0.00 0.00   0.00  25.8  14.4 294.  5.1  136.  14.5
 17  5    1   0.0  0.00 0.00   0.00  25.0  14.0 562.  2.3  265.  14.0
 18  5    1  21.6  1.72 0.07   3.83  24.8  13.5 496.  2.6   63.  12.7
 19  5    1   0.0  0.00 0.00   0.00  32.6  17.7 680.  6.6  150.  13.6
 20  5    1   0.0  0.00 0.00   0.00  28.5  16.3 452.  2.8  322.  14.9
 21  5    1   3.4  3.94 0.51  16.00  19.8   5.7 610.  3.0  266.   6.1
 22  5    1   0.0  0.00 0.00   0.00  19.4   7.1 743.  6.3  151.   4.7
 23  5    1   0.0  0.00 0.00   0.00  21.6   7.1 500. 11.3  296.   5.5
 24  5    1   0.0  0.00 0.00   0.00  17.4   6.8 572.  4.5   70.   6.0
 25  5    1   0.0  0.00 0.00   0.00  31.0  17.0 512.  8.8  317.  15.4
 26  5    1   0.0  0.00 0.00   0.00  27.8  10.8 400.  2.2  189.   8.8
 27  5    1   0.0  0.00 0.00   0.00  15.3   3.0 565.  8.5  155.   1.6
 28  5    1   0.0  0.00 0.00   0.00  29.1  15.0 260. 11.5  198.  13.9
 29  5    1  13.0  3.21 0.13   3.36  22.4   9.9 375.  3.8  237.   8.0
 30  5    1  27.3  2.99 0.05   5.33  25.6  14.3 606.  7.1  313.  13.8
 31  5    1   0.0  0.00 0.00   0.00  18.0   4.0 495.  4.7   20.   1.2
  1  6    1   0.0  0.00 0.00   0.00  23.0  10.7 766.  3.9  207.  10.7
  2  6    1   0.0  0.00 0.00   0.00  32.4  20.1 715.  5.9  121.  20.1
  3  6    1   0.0  0.00 0.00   0.00  28.7  16.3 289.  9.4  242.  16.3
  4  6    1   0.0  0.00 0.00   0.00  28.7  16.3 395.  4.0  107.  16.3
  5  6    1   0.0  0.00 0.00   0.00  32.0  19.7 533.  3.9  185.  19.7
  6  6    1   0.0  0.00 0.00   0.00  35.0  22.6 352.  2.2  102.  22.6
  7  6    1   0.0  0.00 0.00   0.00  29.4  17.0 670.  4.6  178.  17.0
  8  6    1   0.0  0.00 0.00   0.00  17.0   4.7 384.  5.8   48.   4.7
  9  6    1   0.0  0.00 0.00   0.00  25.0  12.7 571.  5.0  108.  12.7
 10  6    1   0.0  0.00 0.00   0.00  27.6  15.3 462.  5.4  172.  15.3
 11  6    1   2.6  1.96 0.78   6.77  25.9  13.6 578.  4.8  240.  13.6
 12  6    1   1.4  2.02 0.06   8.28  29.8  17.5 600.  4.6  167.  17.5
 13  6    1   0.0  0.00 0.00   0.00  21.3   9.0 624.  3.5  273.   9.0
 14  6    1  13.3  0.89 0.03   2.20  25.3  13.0 784.  6.1   15.  13.0
 15  6    1   0.0  0.00 0.00   0.00  31.2  18.9 523.  7.0  325.  18.9
 16  6    1   0.0  0.00 0.00   0.00  27.7  15.4 588.  1.7   98.  15.4
 17  6    1   0.0  0.00 0.00   0.00  30.1  17.8 796.  6.1  250.  17.8
 18  6    1   0.0  0.00 0.00   0.00  21.0   8.7 561.  1.9  318.   8.7
 19  6    1  40.3  2.42 0.09   3.43  32.1  19.8 810.  7.3  184.  19.8
 20  6    1   0.0  0.00 0.00   0.00  27.9  15.6 650.  3.4  313.  15.6
 21  6    1   0.0  0.00 0.00   0.00  29.8  17.5 456.  2.9  237.  17.5
 22  6    1   0.0  0.00 0.00   0.00  26.1  13.8 627.  5.5  155.  13.8
 23  6    1   0.0  0.00 0.00   0.00  31.8  19.5 465.  5.5  186.  19.5
 24  6    1   0.0  0.00 0.00   0.00  27.0  14.7 392.  4.1  295.  14.7
 25  6    1   0.0  0.00 0.00   0.00  33.3  20.9 523.  4.2  154.  20.9
 26  6    1   0.0  0.00 0.00   0.00  32.4  20.0 438.  4.6  180.  20.0
 27  6    1   8.9  3.59 0.33   4.67  25.8  13.5 392.  6.8  216.  13.5
 28  6    1   0.0  0.00 0.00   0.00  23.6  11.2 500.  4.2  209.  11.2
 29  6    1   0.0  0.00 0.00   0.00  26.2  13.9 450.  7.5  233.  13.9
 30  6    1   0.0  0.00 0.00   0.00  24.8  12.5 463.  4.7  185.  12.5
  1  7    1   0.0  0.00 0.00   0.00  27.0  15.5 700.  5.2  189.  16.1
  2  7    1   0.0  0.00 0.00   0.00  34.2  22.9 234.  7.3  208.  22.7
  3  7    1   0.0  0.00 0.00   0.00  29.0  18.3 654.  1.5  312.  17.4
  4  7    1   0.0  0.00 0.00   0.00  37.4  23.8 744.  6.3  150.  24.5
  5  7    1   0.0  0.00 0.00   0.00  31.5  19.4 438.  0.2   71.  17.9
  6  7    1   0.0  0.00 0.00   0.00  30.2  18.2 411.  4.7  225.  17.1
  7  7    1   0.0  0.00 0.00   0.00  31.4  17.4 549.  3.5  292.  16.5
  8  7    1   0.0  0.00 0.00   0.00  35.6  20.4 345.  7.5  196.  19.2
  9  7    1   0.0  0.00 0.00   0.00  31.2  19.0 372.  4.0  337.  18.7
 10  7    1   0.0  0.00 0.00   0.00  30.8  20.3 683.  2.3  115.  19.3
 11  7    1   0.0  0.00 0.00   0.00  30.0  18.6 562.  3.1    5.  18.7
 12  7    1  67.4  4.87 0.03  11.42  26.8  16.0 584.  2.9  291.  15.9
 13  7    1   6.0  1.19 0.00   2.56  31.0  20.1 504.  3.0  267.  19.2
 14  7    1   0.0  0.00 0.00   0.00  31.9  20.4 408.  2.1   91.  20.9
 15  7    1   0.0  0.00 0.00   0.00  30.4  18.2 675.  5.9  334.  15.9
 16  7    1   3.6  0.82 0.86   3.14  23.5  13.3 517.  1.4  261.  13.5
 17  7    1   3.4  0.88 0.08   1.01  30.7  19.5 726.  4.7  134.  18.6
 18  7    1   3.5  2.15 0.02   4.17  35.9  23.6 534.  1.6  209.  23.3
 19  7    1  28.3  2.15 0.05   2.40  23.6  12.1 303.  1.8  100.  11.0
 20  7    1   5.6  1.82 0.00   5.48  30.2  19.3 383.  3.0  145.  19.9
 21  7    1   0.0  0.00 0.00   0.00  29.6  16.4 649.  4.7  355.  18.0
 22  7    1   0.0  0.00 0.00   0.00  28.2  14.1 582.  0.0    0.  12.6
 23  7    1   0.0  0.00 0.00   0.00  33.5  21.7 385.  4.3  277.  22.0
 24  7    1   0.0  0.00 0.00   0.00  36.1  25.1 363.  4.1   24.  24.8
 25  7    1   0.0  0.00 0.00   0.00  25.1  11.1 348.  4.5  339.  11.6
 26  7    1   0.0  0.00 0.00   0.00  29.5  17.4 396.  3.4   49.  17.4
 27  7    1   0.0  0.00 0.00   0.00  31.9  18.7 660.  4.4   51.  19.3
 28  7    1   0.0  0.00 0.00   0.00  34.5  22.5 497.  4.8  210.  22.0
 29  7    1  15.5  2.18 0.18   3.27  26.2  12.9 634.  5.8  325.  13.9
 30  7    1   0.0  0.00 0.00   0.00  27.4  15.2 660.  3.9  167.  14.0
 31  7    1   0.0  0.00 0.00   0.00  27.9  15.3 388.  3.9  156.  15.3
  1  8    1   2.6  2.31 0.05   1.77  30.5  19.1 441.  4.0  128.  17.5
  2  8    1  12.0  0.85 0.08   5.02  23.0  12.0 631.  3.8  173.  11.3
  3  8    1   9.8  0.91 0.03   1.83  31.0  20.8 477.  4.2   44.  22.3
  4  8    1   6.3  1.51 0.01   1.42  27.5  16.6 424.  5.2  243.  16.7
  5  8    1   0.0  0.00 0.00   0.00  25.5  12.3 456.  9.0  215.  13.8
  6  8    1   0.0  0.00 0.00   0.00  25.4  15.1 283.  6.7   80.  15.4
  7  8    1  57.6  2.28 0.07   3.44  36.2  22.2 333.  4.8  209.  22.0
  8  8    1   0.3  1.49 0.07   3.17  29.4  16.7 439.  1.3  136.  16.4
  9  8    1   0.0  0.00 0.00   0.00  28.1  16.8 396.  5.1  324.  16.7
 10  8    1  22.7  1.31 0.08  10.89  31.8  18.3 475.  3.7   63.  19.2
 11  8    1   0.0  0.00 0.00   0.00  25.5  10.8 653.  4.1  191.  11.2
 12  8    1   0.0  0.00 0.00   0.00  27.5  14.6 592.  2.1  118.  15.8
 13  8    1   0.0  0.00 0.00   0.00  31.2  19.4 276.  3.1   89.  19.9
 14  8    1   0.0  0.00 0.00   0.00  28.8  15.4 626.  5.1  168.  16.7
 15  8    1   0.0  0.00 0.00   0.00  29.4  17.9 503.  6.4   11.  16.8
 16  8    1   2.0  1.85 0.54   9.18  31.9  19.1 509.  3.3  181.  19.8
 17  8    1   1.8  0.71 0.13   3.02  27.0  16.2 527.  4.6   34.  17.3
 18  8    1   0.0  0.00 0.00   0.00  34.1  21.7 439.  6.8  119.  19.8
 19  8    1   0.0  0.00 0.00   0.00  19.4   9.1 539.  4.0   43.  10.5
 20  8    1   0.0  0.00 0.00   0.00  32.6  19.3 307.  1.4  243.  18.5
 21  8    1   3.9  1.48 0.04  10.88  19.8  10.4 476.  2.2  227.  10.9
 22  8    1   0.0  0.00 0.00   0.00  25.6  14.6 657.  3.5  142.  15.1
 23  8    1  36.9  0.59 0.06   1.01  33.7  19.8 445.  3.1  183.  19.8
 24  8    1   0.0  0.00 0.00   0.00  35.8  22.8 537.  2.5  330.  24.0
 25  8    1   0.0  0.00 0.00   0.00  30.5  16.7 398.  5.4  123.  16.9
 26  8    1   0.0  0.00 0.00   0.00  33.9  20.3 533.  7.8  174.  21.7
 27  8    1   2.7  1.99 0.03   5.37  27.3  15.4 473.  1.4  106.  18.0
 28  8    1   2.1  1.94 0.07  10.33  30.2  20.2 600.  6.8  220.  20.5
 29  8    1   1.5  1.42 0.01   7.92  28.7  15.1 256.  4.3  333.  14.8
 30  8    1   1.5  2.27 0.08   8.34  32.9  19.9 578.  1.7  357.  20.3
 31  8    1   1.5  2.66 0.21   4.35  21.7  12.1 241.  4.2  181.  12.1
  1  9    1   8.2  3.25 0.06  12.57  30.2  18.3 292.  3.7  143.  17.7
  2  9    1   0.0  0.00 0.00   0.00  14.4   0.4 294.  2.6  266.   1.0
  3  9    1   0.0  0.00 0.00   0.00  20.5   8.7 262.  3.6  202.   7.5
  4  9    1   0.0  0.00 0.00   0.00  22.2  10.3 503.  5.5  241.   8.8
  5  9    1   0.0  0.00 0.00   0.00  26.4  13.5 527.  3.8  312.  13.0
  6  9    1   0.9  1.90 0.01   2.02  20.2   7.6 411.  3.3  301.   5.7
  7  9    1   0.0  0.00 0.00   0.00  26.9  15.8 345.  3.2   66.  13.5
  8  9    1  18.5  5.93 0.00   8.21  31.4  18.8 470.  3.9  122.  18.3
  9  9    1   0.0  0.00 0.00   0.00  29.8  17.1 396.  4.0  122.  17.6
 10  9    1   0.0  0.00 0.00   0.00  26.8  13.5 454.  1.5   90.  11.7
 11  9    1   0.0  0.00 0.00   0.00  22.5  10.3 394.  1.9  266.   9.7
 12  9    1   9.1  1.37 0.23   1.01  29.5  15.5 440.  3.6  280.  17.2
 13  9    1   0.0  0.00 0.00   0.00  24.5   9.1 182.  8.0  311.  11.2
 14  9    1   0.0  0.00 0.00   0.00  27.7  15.2 503.  3.5   53.  13.1
 15  9    1   0.0  0.00 0.00   0.00  28.5  14.6 366.  9.3  293.  14.6
 16  9    1  37.2  2.21 0.05   3.82  37.1  24.0 353.  7.0  307.  24.6
 17  9    1   2.6  3.83 0.06  10.27  24.5  11.9 468.  8.0  258.  10.8
 18  9    1   0.0  0.00 0.00   0.00  19.5   6.9 377.  2.5  236.   6.4
 19  9    1   0.0  0.00 0.00   0.00  27.7  15.7 505.  3.9  179.  14.7
 20  9    1   0.3  2.15 0.03   2.21  22.3   8.9 247.  6.3  199.   9.0
 21  9    1   0.0  0.00 0.00   0.00  20.3   6.5 443.  6.3   54.   6.9
 22  9    1   0.0  0.00 0.00   0.00  29.2  16.9 374.  5.6  165.  14.5
 23  9    1   0.0  0.00 0.00   0.00  27.3  13.5 406.  8.5  172.  14.5
 24  9    1   0.0  0.00 0.00   0.00  16.2   2.6 440.  2.0  324.   3.0
 25  9    1   0.3  1.33 0.02   1.44  22.6  10.4 180.  3.6  155.   9.0
 26  9    1   0.5  1.12 0.81   2.79  23.3  11.2 497.  0.0    0.   9.7
 27  9    1   0.0  0.00 0.00   0.00  28.1  14.5 449.  3.5  188.  15.7
 28  9    1   0.0  0.00 0.00   0.00  23.0   8.3 336.  2.6  130.   9.8
 29  9    1   0.0  0.00 0.00   0.00  29.1  18.0 486.  6.9  335.  15.6
 30  9    1   0.0  0.00 0.00   0.00  34.5  21.4 369.  1.4   16.  20.0
  1 10    1   0.0  0.00 0.00   0.00  22.0   8.6 276.  6.0  272.   6.3
  2 10    1   0.0  0.00 0.00   0.00  17.3   4.6 313.  5.2   14.   2.6
  3 10    1   0.0  0.00 0.00   0.00   9.4  -1.3 280.  5.5  209.  -3.7
  4 10    1   0.0  0.00 0.00   0.00  16.4   5.1 171.  7.7    0.   5.4
  5 10    1   0.0  0.00 0.00   0.00  24.4  10.9 257. 10.8  311.   9.5
  6 10    1   0.0  0.00 0.00   0.00  17.7   5.5 225.  6.1  325.   4.2
  7 10    1   0.0  0.00 0.00   0.00  13.5   3.9 284.  3.9  259.   5.4
  8 10    1   0.0  0.00 0.00   0.00  12.8   2.4 340.  2.0   86.   0.8
  9 10    1   5.7  2.18 0.04   7.08  19.3   4.2 118.  6.0  178.   2.8
 10 10    1   0.7  2.85 0.05   3.41  27.0  15.0 275.  2.6  100.  13.3
 11 10    1   0.7  3.58 0.09  10.45   8.2  -4.1 381.  5.0  127.  -4.9
 12 10    1   0.0  0.00 0.00   0.00  23.0  13.5 318.  4.2  294.  14.0
 13 10    1   0.0  0.00 0.00   0.00  26.2  12.9 377.  9.5  316.  12.8
 14 10    1   0.0  0.00 0.00   0.00  14.5   0.7 293.  0.0    0.  -0.0
 15 10    1   0.0  0.00 0.00   0.00  12.0  -0.5 164.  3.7   39.  -0.6
 16 10    1   0.0  0.00 0.00   0.00  12.2   2.8 337.  7.7  212.  -0.3
 17 10    1  20.7  3.19 0.07   3.21  24.7  14.2 312.  4.3  259.  15.4
 18 10    1   5.0  3.92 0.15   1.81  18.9   5.3 247.  3.0  329.   8.0
 19 10    1   0.0  0.00 0.00   0.00  17.8   4.6 231.  3.6    3.   4.3
 20 10    1   0.0  0.00 0.00   0.00  22.6  11.1 187.  4.0  327.  12.7
 21 10    1   0.0  0.00 0.00   0.00  27.1  12.2 339.  4.7  109.  14.1
 22 10    1   3.3  3.03 0.03   8.59  23.0   5.9 252. 10.6  312.   4.6
 23 10    1  18.0  3.43 0.01   9.33  19.0  10.6 290.  4.9  198.  11.7
 24 10    1  26.9  3.04 0.04   3.22  31.2  16.9 278.  3.6  179.  16.3
 25 10    1   0.0  0.00 0.00   0.00  21.0   7.5 230.  6.4  283.   7.3
 26 10    1   0.0  0.00 0.00   0.00  19.0   7.4 258.  5.4  293.   7.2
 27 10    1   0.0  0.00 0.00   0.00  17.5   3.8 261.  5.4  308.   4.6
 28 10    1   0.0  0.00 0.00   0.00  20.7  11.4 237.  1.9  313.   9.6
 29 10    1   0.0  0.00 0.00   0.00   9.6  -4.0 309.  7.8  204.  -6.6
 30 10    1   0.0  0.00 0.00   0.00  12.3  -0.3 309.  6.6  208.  -1.1
 31 10    1   0.0  0.00 0.00   0.00  25.9  11.6 203.  5.8  180.  10.2
  1 11    1   0.0  0.00 0.00   0.00  12.8   2.0 156.  9.1  181.  -0.4
  2 11    1  38.7  8.67 0.03   6.79   9.9  -1.5 141.  4.4  111.  -1.6
  3 11    1   0.0  0.00 0.00   0.00  -1.3  -5.4 159.  8.8  317.  -6.8
  4 11    1   0.0  0.00 0.00   0.00   2.7  -3.8 151. 14.5  298.  -2.7
  5 11    1   0.0  0.00 0.00   0.00  10.8   3.3 241. 15.2  308.   1.1
  6 11    1   0.0  0.00 0.00   0.00  17.5   2.8 159.  1.3   39.   5.1
  7 11    1   2.7 11.08 0.02   6.88  11.5   0.4 234.  3.7  157.   4.2
  8 11    1   0.0  0.00 0.00   0.00   2.3  -5.0 238.  4.7  309.  -6.2
  9 11    1   0.0  0.00 0.00   0.00   1.7  -5.8 109.  4.6  273.  -6.4
 10 11    1   1.7  5.93 0.03   4.12  20.5   6.0 141.  5.9  261.   3.5
 11 11    1   6.3  7.83 0.84   1.01  -0.6 -10.5 210. 20.3  318.  -8.7
 12 11    1   0.0  0.00 0.00   0.00  11.9   5.3 167.  4.5  273.   8.4
 13 11    1   0.0  0.00 0.00   0.00  16.3   2.5 188.  3.7  102.  -0.4
 14 11    1   0.0  0.00 0.00   0.00   1.4  -8.2 127.  6.4    2. -10.4
 15 11    1   0.0  0.00 0.00   0.00  10.8  -2.2 261.  5.9  327.  -5.2
 16 11    1   0.0  0.00 0.00   0.00   4.4  -4.5 229.  5.6  147.  -7.2
 17 11    1   0.0  0.00 0.00   0.00  15.7   5.3 156.  3.1   45.   6.3
 18 11    1   0.0  0.00 0.00   0.00  11.2  -1.8 268.  7.8  256.  -2.7
 19 11    1   0.0  0.00 0.00   0.00   9.4  -0.1 204.  5.2  320.  -2.3
 20 11    1   0.0  0.00 0.00   0.00   7.3   2.0 171.  9.1  318.   1.7
 21 11    1   2.5  5.91 0.15  11.13  19.8   5.7 239.  4.8  172.   5.9
 22 11    1   0.0  0.00 0.00   0.00  22.0  11.1 185.  3.4   74.  14.9
 23 11    1   0.0  0.00 0.00   0.00   9.2  -0.2 262.  8.5  337.  -4.1
 24 11    1   0.0  0.00 0.00   0.00   2.9  -4.1 105.  5.7  291.  -3.3
 25 11    1   1.2  3.71 0.29   1.01   5.6  -8.9 239.  4.1  298.  -9.5
 26 11    1   0.0  0.00 0.00   0.00  12.4  -3.6 213.  3.0   41.  -8.3
 27 11    1   0.0  0.00 0.00   0.00  12.8  -4.0 140.  2.7  292.  -4.6
 28 11    1   0.0  0.00 0.00   0.00  17.0   7.9 225.  7.3  268.   7.4
 29 11    1   0.0  0.00 0.00   0.00  21.4  14.7 229.  5.8  179.  10.1
 30 11    1   0.0  0.00 0.00   0.00  11.5  -2.4 157.  5.2  174.  -2.5
  1 12    1   7.0  4.56 0.06   1.01 -11.4 -12.7 126.  7.6  316. -12.1
  2 12    1   3.9  8.26 0.09   1.01   1.9 -10.8 113.  5.6  172. -16.4
  3 12    1   1.2  2.29 0.07   1.01   3.4 -13.9 111.  6.4  191. -10.7
  4 12    1   1.0  8.65 0.10   1.01   1.2  -7.6 108.  4.4  183.  -5.0
  5 12    1   0.8  7.38 0.53   1.01  -6.1  -9.5 187.  2.7  228.  -9.8
  6 12    1   0.0  0.00 0.00   0.00  -6.1 -11.0 159.  8.9  299.  -8.9
  7 12    1   0.0  0.00 0.00   0.00   2.2  -7.3 137.  5.1  271.  -2.7
  8 12    1   0.0  0.00 0.00   0.00   0.8 -10.5 176.  4.1   64.  -9.5
  9 12    1   2.5  2.40 0.06   1.70  10.0   0.9  38.  3.6  310.   1.0
 10 12    1   0.0  0.00 0.00   0.00   3.2  -4.7  99.  8.9  317.  -5.6
 11 12    1   0.0  0.00 0.00   0.00 -12.7 -25.5 154.  7.0  308. -26.3
 12 12    1   0.0  0.00 0.00   0.00   2.8 -12.0 168.  3.0   42.  -9.4
 13 12    1   0.0  0.00 0.00   0.00   1.9  -6.5 154.  5.9  159.  -7.3
 14 12    1   0.0  0.00 0.00   0.00   1.0  -2.3 124.  8.0   26.  -1.7
 15 12    1   0.0  0.00 0.00   0.00   7.9  -4.7 179.  3.7  269.  -7.4
 16 12    1   0.0  0.00 0.00   0.00   3.9  -4.9 118.  4.0  168.  -2.6
 17 12    1   0.0  0.00 0.00   0.00   5.3  -1.1 160.  3.3   95.  -7.0
 18 12    1   0.0  0.00 0.00   0.00  11.0   0.4 201.  8.3  337.  -1.8
 19 12    1   0.0  0.00 0.00   0.00   1.3  -5.3 145.  6.0  159.  -3.8
 20 12    1   0.0  0.00 0.00   0.00  11.2  -0.6 134.  1.7  144.  -1.9
 21 12    1   0.7  3.39 0.00   3.05   4.8  -4.0 106.  8.8  309.  -2.2
 22 12    1   3.5  7.37 0.83   1.01  -6.9  -9.5 111.  5.5  228.  -8.3
 23 12    1   3.4  3.97 0.04   1.01   0.1  -4.7 161.  5.2  343.  -3.9
 24 12    1   0.0  0.00 0.00   0.00   6.4  -0.3 127.  8.4  338.   0.6
 25 12    1   0.0  0.00 0.00   0.00   1.4  -5.5 143.  1.1  348.  -5.4
 26 12    1   0.0  0.00 0.00   0.00  -6.6 -16.9 206.  6.8  166. -20.0
 27 12    1  13.1  5.33 0.05   1.01   0.8  -7.4 138.  6.1   49.  -9.9
 28 12    1   0.0  0.00 0.00   0.00  13.7   2.5 192.  3.5  265.   3.0
 29 12    1   0.0  0.00 0.00   0.00   7.7  -1.7 145.  8.8  344.   1.5
 30 12    1  25.3  4.35 0.07   1.01  -1.5 -10.1 154.  3.5   47. -10.9
 31 12    1   2.2  5.24 0.00   1.01  -2.0 -13.5 153.  3.3  307. -12.7
  
